00000000030000000000    00000000000000000000000000000000000000000000000000
00030000030088003000    00000000000000000000000000000000000000000000000000
30043000030333333000    00000000000000000000000000000000000000000000000000
30040001030000003000    00000000000000000000000000000000000000000000000000
40030000040000004000    00000000000000000000000000000000000000000000000000
40030010048000004000    00000000000000000000000000000000000000000000000000
30040000040000004000    00000000000000000000000000000000000000000000000000
30040001040080004000    00000000000000000000000000000000000000000000000000
00030000040000004000    00000000000000000000000000000000000000000000000000
00030010000800003000    00000000000000000000000000000000000000000000000000
00030000000000003000    00000000000000000000000000000000000000000000000000
11110001030000083000    11111111111111111111111111111111111111111111111111