00000999999000030000    00000000000000000000000000000000000000000000000000
00000900009000030000    00000000000000000000000000000000000000000000000000
00000990009000030000    00000000000000000000000000000000000000000000000000
33033005000000030000    00000000000000000000000000000000000000000000000000
00000005000000030000    00000000000000000000000000000000000000000000000000
44000003000008830000    00000000000000000000000000000000000000000000000000
00000003000000030000    00000000000000000000000000000000000000000000000000
00000443880000030000    00000000000000000000000000000000000000000000000000
00000003000000030000    00000000000000000000000000000000000000000000000000
44000003000008800000    00000000000000000000000000000000000000000000000000
00000000000000000000    00000000000000000000000000000000000000000000000000
00000000600000011111    11111111111111111111111111111111111111111111111111