00000000020200000222 00000000000000000000000000000000000000000000000000
00000000020200000000    00000000000000000000000000000000000000000000000000
00700000020200000000    00000000000000000000000000000000000000000000000000
50744440040099999500    00000000000000000000000000000000000000000000000000
50500000040044444500    00000000000000000000000000000000000000000000000000
50500000000042000000    00000000000000000000000000000000000000000000000000
50000000000042300005    00000000000000000000000000000000000000000000000000
50000000008442200006    00000000000000000000000000000000000000000000000000
22121212121222200006    00000000000000000000000000000000000000000000000000
20020202020222300005    00000000000000000000000000000000000000000000000000
00000000000000000005    00000000000000000000000000000000000000000000000000
44444444444444444444    11111111111111111111111111111111111111111111111111