10000000020200000222 00000000000000000000000000000000000000000000000000
00000000020200000000    00000000000000000000000000000000000000000000000000
50000000020200000000    00000000000000000000000000000000000000000000000000
444444440020099999500    00000000000000000000000000000000000000000000000000
00000000040444444700    00000000000000000000000000000000000000000000000000
00000000000000000700    00000000000000000000000000000000000000000000000000
00000000000404443707    00000000000000000000000000000000000000000000000000
00000000000404220700    00000000000000000000000000000000000000000000000000
00000000000404220700    00000000000000000000000000000000000000000000000000
00044002200404220705    00000000000000000000000000000000000000000000000000
44044222222222222222    00000000000000000000000000000000000000000000000000
44222222222222222222    11111111111111111111111111111111111111111111111111