00000000000000000000    00000000000000000000000000000000000000000000000000
00000000000000000000    00000000000000000000000000000000000000000000000000
01111101111110111110    00000000000000000000000000000000000000000000000000
11000111000011100011    00000000000000000000000000000000000000000000000000
10000010000001000001    00000000000000000000000000000000000000000000000000
10000010000001000001    00000000000000000000000000000000000000000000000000
10000010000101000001    00000000000000000000000000000000000000000000000000
11000010000101000001    00000000000000000000000000000000000000000000000000
10000010100001000001    00000000000000000000000000000000000000000000000000
10000110100001000001    00000000000000000000000000000000000000000000000000
10000000000000000001    00000000000000000000000000000000000000000000000000
11111111111111111111    11111111111111111111111111111111111111111111111111