00000000000000000000    00000000000000000000000000000000000000000000000000
00000000000000000100   00000000000000000000000000000000000000000000000000
00000000000000000100    00000000000000000000000000000000000000000000000000
00000000000000000100    00000000000000000000000000000000000000000000000000
00000000000000000100    00000000000000000000000000000000000000000000000000
00000000000000000100    00000000000000000000000000000000000000000000000000
00000000000000000100    00000000000000000000000000000000000000000000000000
11111112266226611100  00000000000000000000000000000000000000000000000000
50000000000000000000    00000000000000000000000000000000000000000000000000
50000000000000000000    00000000000000000000000000000000000000000000000000
50000000000000000000    00000000000000000000000000000000000000000000000000
11111114422442244133    11111111111111111111111111111111111111111111111111